CODON	Amino acid	Preferred Codon	Total num	Frequency in 1000	Fraction	RSCU
GCT	Ala	FALSE	20645	14.263930737198908	0.12555265670516258	0.5022106268206503
GCC	Ala	TRUE	64059	44.259294700616366	0.3895750852930981	1.5583003411723924
GCA	Ala	FALSE	28097	19.412625910539006	0.17087202690457512	0.6834881076183005
GCG	Ala	FALSE	51632	35.6732996765829	0.3140002310971642	1.2560009243886567
CGT	Arg	FALSE	16642	11.498199822158597	0.1806792026751205	1.084075216050723
CGC	Arg	TRUE	46530	32.14825367894721	0.5051678464411343	3.0310070786468057
CGA	Arg	FALSE	6312	4.361052594487745	0.06852824944630216	0.411169496677813
CGG	Arg	FALSE	13600	9.396437782799959	0.14765275546098058	0.8859165327658834
AGA	Arg	FALSE	4253	2.9384595507535463	0.04617405654231989	0.2770443392539193
AGG	Arg	FALSE	4771	3.2963532839513676	0.05179788943414253	0.31078733660485514
AAT	Asn	FALSE	17133	11.83743886269939	0.39623034227567067	0.7924606845513413
AAC	Asn	TRUE	26107	18.03770597026166	0.6037696577243293	1.2075393154486587
GAT	Asp	FALSE	41307	28.539607021626317	0.501505475560304	1.003010951120608
GAC	Asp	TRUE	41059	28.368260214998788	0.498494524439696	0.996989048879392
TGT	Cys	FALSE	2222	1.5352121142192285	0.19709065105552598	0.39418130211105196
TGC	Cys	TRUE	9052	6.254158441904796	0.802909348944474	1.605818697888948
CAA	Gln	FALSE	10520	7.26842099081291	0.223929840992784	0.447859681985568
CAG	Gln	TRUE	36459	25.19005331787527	0.776070159007216	1.552140318014432
GAA	Glu	TRUE	43891	30.32493020035831	0.5226550126820438	1.0453100253640877
GAG	Glu	FALSE	40086	27.696000364802877	0.4773449873179561	0.9546899746359122
GGT	Gly	FALSE	25241	17.43937397615101	0.21657171294230704	0.86628685176922815
GGC	Gly	TRUE	67283	46.48680318677423	0.5772986237430072	2.309194494972029
GGA	Gly	FALSE	12233	8.451957602719993	0.10496104609259704	0.4198441843703882
GGG	Gly	FALSE	11791	8.146573374778994	0.10116861722208875	0.404674468888355
CAT	His	FALSE	15471	10.689138892477805	0.5350880226887559	1.0701760453775118
CAC	His	TRUE	13442	9.287273285029196	0.46491197731124406	0.9298239546224881
ATT	Ile	FALSE	19866	13.725708308316468	0.23712386158822615	0.7113715847646785
ATC	Ile	TRUE	60267	41.63934675411802	0.7193568794089211	2.1580706382267634
ATA	Ile	FALSE	3646	2.5190744232418125	0.043519259002852743	0.13055777700855822
TTA	Leu	FALSE	1669	1.1531363720215537	0.011644375606114518	0.06986625363668711
TTG	Leu	FALSE	15741	10.8756858190481	0.10982271804424723	0.6589363082654834
CTT	Leu	FALSE	28205	19.48724468116712	0.19678227319979627	1.1806936391987777
CTC	Leu	TRUE	38131	26.345262433525384	0.2660345633533569	1.5962073801201415
CTA	Leu	FALSE	3760	2.5978386811270475	0.02623298518813097	0.15739791112878582
CTG	Leu	TRUE	55825	38.57030435476527	0.38948308460835407	2.3368985076501247
AAA	Lys	FALSE	14232	9.833095773883015	0.2434818312461507	0.4869636624923014
AAG	Lys	TRUE	44220	30.552241084956925	0.7565181687538494	1.5130363375076987
ATG	Met	FALSE	37635	26.002568820270326	1	1
TTT	Phe	FALSE	16172	11.173469987017716	0.282672912551782	0.565345825103564
TTC	Phe	TRUE	41039	28.354441924141728	0.717327087448218	1.434654174896436
CCT	Pro	FALSE	9165	6.332231785247178	0.13330715189597242	0.5332286075838897
CCC	Pro	FALSE	16443	11.360707828130861	0.23916743029192303	0.9566697211676921
CCA	Pro	FALSE	9340	6.453141830246443	0.1358525694171721	0.5434102776686884
CCG	Pro	TRUE	33803	23.35498429205787	0.4916728483949324	1.9666913935797297
TCT	Ser	FALSE	7472	5.162513464197153	0.08503471036758849	0.510208262205531
TCC	Ser	TRUE	24450	16.892860572754337	0.27825196312734723	1.6695117787640834
TCA	Ser	FALSE	5778	3.9921042286042767	0.06575623079549334	0.3945373847729601
TCG	Ser	TRUE	24221	16.734641142441017	0.27564584044611357	1.6538750426766815
AGT	Ser	FALSE	4589	3.170606837152133	0.05222487766017981	0.31334926596107887
AGC	Ser	FALSE	21360	14.75793463533876	0.24308637760327756	1.4585182656196654
ACT	Thr	FALSE	5056	3.4932639286644553	0.06434452829708438	0.25737811318833753
ACC	Thr	TRUE	33937	23.44756684080016	0.43189482927574224	1.727579317102969
ACA	Thr	FALSE	9582	6.620343149616853	0.1219440803288494	0.4877763213153976
ACG	Thr	FALSE	30002	20.72881811467385	0.38181656209832393	1.5272662483932957
TGG	Trp	FALSE	18099	12.504862311095327	1	1
TAT	Tyr	FALSE	18515	12.79228276092215	0.5531489005736138	1.1062978011472275
TAC	Tyr	FALSE	14957	10.334008817451394	0.44685109942638623	0.8937021988527725
GTT	Val	FALSE	20486	14.15407532488529	0.19383835134265656	0.7753534053706262
GTC	Val	TRUE	46795	32.331346032803246	0.4427738773347463	1.7710955093389853
GTA	Val	FALSE	5099	3.5229732540071317	0.04824669303408209	0.19298677213632837
GTG	Val	FALSE	33306	23.01159976425996	0.315141078288515	1.26056431315406
TAA	Stop	FALSE	1307	0.9030253075087902	0.28493568781338563	0.854807063440157
TAG	Stop	FALSE	549	0.37931208402626304	0.1196860693263571	0.3590582079790713
TGA	Stop	FALSE	2731	1.886887616531374	0.5953782428602572	1.7861347285807718
